24
5
5
12 2 1 1 4
4 2 2 1 10
400
10
9 13 153 50 15 68 27 39 23 52
150 35 200 160 60 45 60 40 30 10
400
15
9 13 153 50 15 68 27 39 23 52 11 32 24 48 73
150 35 200 160 60 45 60 40 30 10 70 30 15 10 40
42
8
13 17 11 1 8 20 8 19
7 5 4 3 7 6 7 9
20
13
10 6 8 7 1 1 5 2 11 1 7 9 11
3 7 3 9 6 10 1 2 9 4 5 1 7
32
9
4 2 17 9 1 6 11 3 12
7 6 3 10 4 3 1 7 8
6
11
1 3 1 3 4 2 4 4 2 3 1
7 1 9 2 6 10 8 4 2 1 7
25
17
11 8 6 3 11 2 6 13 9 7 4 1 12 12 6 11 6
4 9 10 3 6 4 8 4 1 9 7 2 9 8 3 3 10
41
14
18 20 4 10 1 9 15 21 4 10 16 4 9 1
10 3 1 10 9 10 4 6 6 7 8 3 5 10
27
6
7 14 2 7 1 2
4 7 10 8 10 6
48
5
6 8 10 2 22
4 6 4 9 6
14
17
7 7 1 7 2 3 3 4 8 1 7 2 2 7 3 2 8
6 5 5 5 10 1 8 8 1 9 6 1 8 10 6 5 3
12
10
7 7 5 3 4 5 3 7 2 6
1 8 1 5 5 6 5 3 7 4
2
17
1 1 2 1 2 2 2 1 2 1 2 1 2 1 1 1 1
2 6 1 7 7 2 8 1 5 4 2 10 4 9 8 1 10
4
13
3 3 2 3 1 1 1 1 2 2 2 3 1
8 2 2 3 3 7 2 10 6 3 6 3 5
5
17
3 3 3 2 1 3 3 2 1 3 3 3 2 2 1 3 3
4 6 9 1 2 6 3 8 9 4 4 4 3 1 3 6 2
41
13
2 7 5 16 8 3 3 4 2 8 8 13 10
8 2 1 5 8 4 3 2 10 9 5 7 1
38
5
12 1 3 14 5
8 9 5 6 3
2
8
1 2 2 2 2 2 2 2
9 8 4 2 3 1 9 9
47
7
4 13 20 24 19 7 22
9 10 7 6 7 6 2
50
13
26 21 26 23 9 21 16 24 17 12 21 22 15
3 9 6 2 2 2 7 1 5 4 3 3 5
4
15
1 1 2 2 3 2 3 1 2 3 1 1 1 1 3
10 10 10 4 2 3 4 10 9 1 5 2 4 10 10
9
17
5 1 1 5 4 5 1 5 1 2 5 4 4 3 5 4 1
4 5 1 6 2 8 6 6 10 9 4 1 10 9 5 6 7
